[gd_scene load_steps=5 format=2]

[ext_resource path="res://scenes/player_model.gltf" type="PackedScene" id=1]
[ext_resource path="res://scenes/Turquoise Material.material" type="Material" id=2]
[ext_resource path="res://materials/Plate Metal.material" type="Material" id=3]
[ext_resource path="res://materials/Shirt_material.material" type="Material" id=4]

[node name="player_model_root" type="Spatial"]

[node name="player_model" parent="." instance=ExtResource( 1 )]

[node name="BoneAttachment" parent="player_model/Armature/Skeleton" index="0"]
transform = Transform( 1, -3.4203e-10, 7.45786e-11, -4.07374e-09, 0.979346, -0.202191, -4.69541e-10, 0.202191, 0.979346, -2.52815e-10, 1.73542, -0.0148857 )

[node name="Cube002" parent="player_model/Armature/Skeleton/BoneAttachment" index="0"]
material/0 = ExtResource( 2 )

[node name="BoneAttachment 2" parent="player_model/Armature/Skeleton" index="1"]
transform = Transform( -0.0923853, 0.995718, 0.00326454, 0.909587, 0.0830594, 0.407127, 0.405112, 0.0405819, -0.913365, 0.565689, 1.62022, -0.0399561 )

[node name="Coat002" parent="player_model/Armature/Skeleton/BoneAttachment 2" index="0"]
transform = Transform( -0.10774, 0.909587, 0.405113, 1.16121, 0.0830593, 0.0405812, 0.00380613, 0.407127, -0.913366, 0.0322539, 0.167601, 0.0113221 )
material/0 = ExtResource( 3 )

[node name="BoneAttachment 3" parent="player_model/Armature/Skeleton" index="2"]
transform = Transform( 0.0131845, 0.998481, 0.0534951, -0.998599, 0.0158901, -0.0504713, -0.0512448, -0.0527546, 0.997292, 0.21921, 1.61471, -0.02165 )

[node name="Coat001" parent="player_model/Armature/Skeleton/BoneAttachment 3" index="0"]
material/0 = ExtResource( 3 )

[node name="BoneAttachment 4" parent="player_model/Armature/Skeleton" index="3"]
transform = Transform( -0.0923844, -0.995718, -0.00326402, -0.909587, 0.0830588, 0.407127, -0.405113, 0.0405809, -0.913366, -0.565689, 1.62022, -0.0399558 )

[node name="Coat004" parent="player_model/Armature/Skeleton/BoneAttachment 4" index="0"]
material/0 = ExtResource( 3 )

[node name="BoneAttachment 5" parent="player_model/Armature/Skeleton" index="4"]
transform = Transform( 0.013185, -0.998481, -0.0534941, 0.9986, 0.0158906, -0.0504718, 0.0512452, -0.0527539, 0.997292, -0.21921, 1.61471, -0.02165 )

[node name="Coat003" parent="player_model/Armature/Skeleton/BoneAttachment 5" index="0"]
transform = Transform( 0.0195273, 0.998599, 0.0657588, -1.47885, 0.01589, -0.0676954, -0.0792309, -0.0504718, 1.27974, 0.0637341, 0.0573496, -0.0143334 )
material/0 = ExtResource( 3 )

[node name="BoneAttachment 6" parent="player_model/Armature/Skeleton" index="5"]
transform = Transform( 1, -3.48552e-10, 6.14179e-08, -7.94275e-09, 0.998016, 0.0629594, -6.17836e-08, -0.0629593, 0.998016, -1.34879e-10, 1.39773, 5.40805e-09 )

[node name="BoneAttachment 7" parent="player_model/Armature/Skeleton" index="6"]
transform = Transform( 1, -3.48552e-10, 6.14179e-08, -7.94275e-09, 0.998016, 0.0629594, -6.17836e-08, -0.0629593, 0.998016, -1.34879e-10, 1.39773, 5.40805e-09 )

[node name="BoneAttachment 8" parent="player_model/Armature/Skeleton" index="7"]
transform = Transform( 1, -3.48552e-10, 6.14179e-08, -7.94275e-09, 0.998016, 0.0629594, -6.17836e-08, -0.0629593, 0.998016, -1.34879e-10, 1.39773, 5.40805e-09 )

[node name="BoneAttachment 9" parent="player_model/Armature/Skeleton" index="8"]
transform = Transform( 1, -3.48552e-10, 6.14179e-08, -7.94275e-09, 0.998016, 0.0629594, -6.17836e-08, -0.0629593, 0.998016, -1.34879e-10, 1.39773, 5.40805e-09 )

[node name="BoneAttachment 10" parent="player_model/Armature/Skeleton" index="9"]
transform = Transform( 1, -3.48552e-10, 6.14179e-08, -7.94275e-09, 0.998016, 0.0629594, -6.17836e-08, -0.0629593, 0.998016, -1.34879e-10, 1.39773, 5.40805e-09 )

[node name="BoneAttachment 11" parent="player_model/Armature/Skeleton" index="10"]
transform = Transform( -0.996779, 0.0806652, -0.000536618, -0.0805639, -0.995823, -0.0429455, -0.00396851, -0.0427902, 0.999093, 0.105931, 0.626974, -0.0134294 )

[node name="Plane005" parent="player_model/Armature/Skeleton/BoneAttachment 11" index="0"]
material/0 = ExtResource( 3 )

[node name="BoneAttachment 12" parent="player_model/Armature/Skeleton" index="11"]
transform = Transform( -0.997413, 0.0720135, -0.00751987, -0.0722974, -0.996218, 0.0482172, -0.00397733, 0.0486216, 0.998826, 0.0749803, 1.05513, -0.0343262 )

[node name="Plane" parent="player_model/Armature/Skeleton/BoneAttachment 12" index="0"]
material/0 = ExtResource( 3 )

[node name="BoneAttachment 13" parent="player_model/Armature/Skeleton" index="12"]
transform = Transform( -0.997413, 0.0720135, -0.00751987, -0.0722974, -0.996218, 0.0482172, -0.00397733, 0.0486216, 0.998826, 0.0749803, 1.05513, -0.0343262 )

[node name="Plane010" parent="player_model/Armature/Skeleton/BoneAttachment 13" index="0"]
material/0 = ExtResource( 3 )

[node name="BoneAttachment 14" parent="player_model/Armature/Skeleton" index="13"]
transform = Transform( -0.996779, -0.0806569, 0.000543812, 0.0805638, -0.995824, -0.0429491, 0.00396812, -0.0427905, 0.999093, -0.105928, 0.626974, -0.0134294 )

[node name="Plane009" parent="player_model/Armature/Skeleton/BoneAttachment 14" index="0"]
material/0 = ExtResource( 3 )

[node name="BoneAttachment 15" parent="player_model/Armature/Skeleton" index="14"]
transform = Transform( -0.997413, -0.0720071, 0.00752264, 0.0722974, -0.996218, 0.0482127, 0.00397692, 0.0486216, 0.998826, -0.0749803, 1.05513, -0.0343262 )

[node name="Plane007" parent="player_model/Armature/Skeleton/BoneAttachment 15" index="0"]
material/0 = ExtResource( 3 )

[node name="BoneAttachment 16" parent="player_model/Armature/Skeleton" index="15"]
transform = Transform( -0.997413, -0.0720071, 0.00752264, 0.0722974, -0.996218, 0.0482127, 0.00397692, 0.0486216, 0.998826, -0.0749803, 1.05513, -0.0343262 )

[node name="Plane008" parent="player_model/Armature/Skeleton/BoneAttachment 16" index="0"]
material/0 = ExtResource( 3 )

[node name="Coat" parent="player_model/Armature/Skeleton" index="19"]
material/0 = ExtResource( 2 )

[node name="Coat005" parent="player_model/Armature/Skeleton" index="20"]
material/0 = ExtResource( 4 )

[editable path="player_model"]
